0000000000 003 0 1501 3891 6 171 0 1300 3768 9 294 1 3678 2880 2306 8
1000000000 008 0 1997 3139 8 532 1 1999 3664 273 8 1 1710 3368 292 32 1 1934 3239 68 33 1 1710 3112 293 32 1 1881 2879 1283 9 2 1964 3288 39 32 2 1971 3160 39 32
1100000000 000
1200000000 000
1300000000 004 0 1556 2882 9 667 1 942 3624 147 32 3 968 3167 38 45 3 967 3423 38 45
1310000000 000
1320000000 000
1321000000 000
1322000000 000
1323000000 000
1324000000 001 1 1710 2961 110 7
1324100000 000
1324200000 000
1324300000 003 0 1619 2789 10 98 0 1709 2788 9 179 1 1561 2873 67 15
1324400000 004 0 1815 2930 6 37 0 1878 2884 7 51 1 1819 2927 65 9 2 1865 2952 39 32
1330000000 003 0 785 3304 12 528 0 989 3033 10 595 1 350 3182 164 10
1331000000 004 0 349 3135 12 56 1 5 3131 362 13 1 15 3135 15 134 2 459 3208 39 32
1332000000 001 1 632 3112 212 32
1332100000 004 0 626 3137 11 102 0 509 3189 8 50 1 510 3234 126 6 2 696 3160 39 32
1332200000 004 0 839 3112 6 31 0 941 3112 7 31 0 787 3034 10 84 1 942 3112 51 32
1332300000 000
1332400000 005 0 838 3368 7 31 0 941 3368 5 31 1 792 3368 52 32 1 942 3368 53 32 3 819 3423 38 45
1333000000 000
1334000000 004 0 838 3623 7 32 0 941 3624 5 31 1 792 3623 52 33 1 790 3816 200 20
1340000000 002 1 1390 3887 115 9 1 1242 3543 450 97
1341000000 000
1342000000 003 0 1623 3367 6 32 0 1874 3240 11 31 1 1560 3240 324 32
1342100000 004 0 1709 3112 8 31 0 1621 3111 8 32 1 1562 3111 66 33 2 1602 3160 39 32
1342200000 000
1342300000 005 0 1709 3368 7 31 0 1623 3367 6 32 1 1558 3367 70 33 2 1603 3416 39 32 2 1600 3272 39 32
1342400000 001 2 1833 3416 39 32
1343000000 001 0 1389 3736 6 159
1343100000 005 1 1179 3662 65 10 1 1086 3696 94 8 0 1085 3654 7 49 0 1174 3667 7 36 0 1238 3637 7 34
1343200000 000
1343300000 000
1343400000 000
1344000000 001 0 1685 3543 8 96
1400000000 007 0 2077 3667 5 84 0 3347 2960 10 124 0 3517 2959 9 125 0 3796 2961 9 123 0 3965 2961 7 122 0 2309 2936 8 116 0 2541 2936 7 117
1410000000 000
1420000000 008 0 3677 2808 8 79 0 3601 2457 12 430 0 3709 2356 11 459 0 3261 2278 7 81 1 3262 2881 350 7 1 3262 2353 457 7 1 3437 2357 96 18 1 3454 2372 62 19
1421000000 001 0 3261 2278 7 81
1422000000 000
1423000000 000
1424000000 002 0 3677 2808 8 79 1 3681 2808 34 11
1430000000 001 0 2269 3667 5 137
1431000000 000
1432000000 000
1433000000 005 1 2165 3800 106 6 1 2078 3748 46 4 0 2077 3667 5 84 0 2120 3666 5 85 0 2269 3667 5 137
1434000000 000
1440000000 001 1 3351 3080 171 16
1441000000 004 4 3013 3218 24 37 2 3189 3176 39 32 4 3259 3260 24 37 4 3402 3191 24 37
1442000000 005 2 3657 3176 39 32 1 3919 3080 50 16 1 3799 3080 52 16 4 3520 3214 24 37 4 3751 3265 24 37
1443000000 000
1444000000 000
2000000000 007 1 5982 2930 62 6 1 5950 2680 180 32 1 5934 2584 126 32 1 5967 2488 125 32 1 5896 2392 164 32 1 5982 2296 148 32 1 5914 3032 200 8
2100000000 000
2200000000 000
2300000000 005 0 5911 2936 6 101 0 5869 2936 7 116 0 5636 2936 9 116 0 5325 3016 11 223 0 5389 2936 10 84
2310000000 000
2320000000 002 0 5981 2885 5 50 0 5890 2419 11 364
2321000000 000
2322000000 003 0 5981 2296 9 31 0 5906 2020 11 380 0 5981 2020 6 99
2323000000 000
2324000000 004 0 5933 2584 7 31 0 5949 2680 7 31 0 5981 2885 5 50 1 5891 2776 26 11
2330000000 000
2340000000 005 0 5325 3016 11 223 1 5326 3222 307 18 1 5626 3226 14 125 1 5328 3016 66 6 1 5640 3048 233 8
2400000000 001 0 6037 2822 8 113
2410000000 002 0 6053 2392 8 31 0 6085 2488 8 31
2411000000 004 0 6053 2392 8 31 2 6084 2344 39 32 3 6125 2143 38 45 3 6394 2143 38 45
2412000000 004 0 6501 2026 8 78 0 6557 2027 7 77 3 6636 2143 38 45 3 6844 2143 38 45
2413000000 004 0 6037 2822 8 113 0 6053 2584 8 31 2 6013 2728 39 32 2 6070 2536 39 32
2414000000 000
2420000000 004 0 7685 2168 8 115 0 7917 2116 5 169 1 7688 2280 231 7 3 7065 2143 38 45
2430000000 000
2440000000 000
3000000000 001 1 1304 4056 202 13
4000000000 000
