0000000000 006 0 1501 3891 6 171 0 0 1300 3768 9 294 0 1 3678 2880 2306 8 0 1 3963 3088 287 25 0 1 3977 3105 261 19 0 1 3995 3121 227 16 0
1000000000 008 0 1997 3139 8 532 0 1 1999 3664 273 8 0 1 1710 3368 292 32 0 1 1934 3239 68 33 0 1 1710 3112 293 32 0 1 1881 2879 1283 9 0 2 1964 3288 39 32 0 2 1971 3160 39 32 0
1100000000 000
1200000000 000
1300000000 004 0 1556 2882 9 667 0 1 942 3624 147 32 0 3 968 3167 38 45 0 3 967 3423 38 45 0
1310000000 000
1320000000 000
1321000000 000
1322000000 000
1323000000 000
1324000000 001 1 1710 2961 110 7 0
1324100000 000
1324200000 000
1324300000 003 0 1619 2789 10 98 0 0 1709 2788 9 179 0 1 1561 2873 67 15 0
1324400000 004 0 1815 2930 6 37 0 0 1878 2884 7 51 0 1 1819 2927 65 9 0 2 1865 2952 39 32 0
1330000000 003 0 785 3304 12 528 0 0 989 3033 10 595 0 1 350 3182 164 10 0
1331000000 004 0 349 3135 12 56 0 1 5 3131 362 13 0 1 15 3135 15 134 0 2 459 3208 39 32 0
1332000000 001 1 632 3112 212 32 0
1332100000 004 0 626 3137 11 102 0 0 509 3189 8 50 0 1 510 3234 126 6 0 2 696 3160 39 32 0
1332200000 004 0 839 3112 6 31 0 0 941 3112 7 31 0 0 787 3034 10 84 0 1 942 3112 51 32 0
1332300000 000
1332400000 005 0 838 3368 7 31 0 0 941 3368 5 31 0 1 792 3368 52 32 0 1 942 3368 53 32 0 3 819 3423 38 45 0
1333000000 000
1334000000 004 0 838 3623 7 32 0 0 941 3624 5 31 0 1 792 3623 52 33 0 1 790 3816 200 20 0
1340000000 002 1 1390 3887 115 9 0 1 1242 3543 450 97 0
1341000000 000
1342000000 003 0 1874 3240 11 31 0 0 1933 3239 9 32 0 1 1560 3240 324 32 0
1342100000 004 0 1709 3112 8 31 0 0 1621 3111 8 32 0 1 1562 3111 66 33 0 2 1602 3160 39 32 0
1342200000 000
1342300000 005 0 1709 3368 7 31 0 0 1623 3367 6 32 0 1 1558 3367 70 33 0 2 1603 3416 39 32 0 2 1600 3272 39 32 0
1342400000 001 2 1833 3416 39 32 0
1343000000 001 0 1389 3736 6 159 0
1343100000 005 1 1179 3662 65 10 0 1 1086 3696 94 8 0 0 1085 3654 7 49 0 0 1174 3667 7 36 0 0 1238 3637 7 34 0
1343200000 000
1343300000 000
1343400000 000
1344000000 001 0 1685 3543 8 96 0
1400000000 007 0 3069 2884 13 226 0 0 3347 2960 10 124 0 0 3517 2959 9 125 0 0 3796 2961 9 123 0 0 3965 2961 7 122 0 0 2309 2936 8 116 0 0 2541 2936 7 117 0
1410000000 000
1420000000 008 0 3601 2457 12 430 0 0 3709 2356 11 459 0 0 3261 2456 8 431 0 0 3156 2278 9 609 0 1 3262 2881 350 7 0 1 3262 2353 457 7 0 1 3437 2357 96 18 0 1 3454 2372 62 19 0
1421000000 001 0 3261 2278 7 81 0
1422000000 000
1423000000 000
1424000000 002 0 3677 2808 8 79 0 1 3681 2808 34 11 0
1430000000 001 1 2313 3048 231 8 0
1431000000 000
1432000000 000
1433000000 005 1 2165 3800 106 6 0 1 2078 3748 46 4 0 0 2077 3667 5 84 0 0 2120 3666 5 85 0 0 2269 3667 5 137 0
1434000000 000
1440000000 001 1 3351 3080 171 16 0
1441000000 006 1 3104 3125 218 15 0 1 3088 3091 249 21 0 1 3078 3089 278 31 0 1 3127 3135 173 16 0 1 3153 3145 118 15 0 4 3013 3218 24 37 0
1441100000 001 2 3189 3176 39 32 0
1441200000 001 4 3402 3191 24 37 0
1441300000 000
1441400000 001 4 3259 3260 24 37 0
1442000000 004 1 3516 3091 289 22 0 1 3531 3107 259 18 0 1 3548 3121 225 17 0 4 3520 3214 24 37 0
1442100000 003 1 3572 3131 178 19 0 1 3605 3146 112 14 0 2 3657 3176 39 32 0
1442200000 002 1 3799 3080 52 16 0 1 3919 3080 50 16 0
1442300000 000
1442400000 001 4 3751 3265 24 37 0
1443000000 000
1444000000 000
2000000000 008 1 5982 2930 62 6 0 1 5950 2680 180 32 0 1 5934 2584 126 32 0 1 5967 2488 125 32 0 1 5896 2392 164 32 0 1 5982 2296 148 32 0 1 5914 3032 200 8 0 1 5983 2096 462 24 0
2100000000 000
2200000000 000
2300000000 005 0 5911 2936 6 101 0 0 5869 2936 7 116 0 0 5636 2936 9 116 0 0 5389 2936 10 84 0 0 4242 2962 11 148 0
2310000000 000
2320000000 002 0 5890 2419 11 364 0 0 5966 2488 6 31 0
2321000000 000
2322000000 003 0 5981 2296 9 31 0 0 5906 2020 11 380 0 0 5981 2020 6 99 0
2323000000 000
2324000000 004 0 5933 2584 7 31 0 0 5949 2680 7 31 0 0 5981 2885 5 50 0 1 5891 2776 26 11 0
2330000000 002 1 4019 3130 176 20 0 1 4051 3145 114 16 0
2340000000 005 0 5325 3016 11 223 0 1 5326 3222 307 18 0 1 5626 3226 14 125 0 1 5328 3016 66 6 0 1 5640 3048 233 8 0
2400000000 002 0 6109 2708 9 330 0 1 6559 2087 481 18 0
2410000000 003 0 6085 2488 8 31 0 0 6125 2323 7 360 0 1 6455 2086 52 19 0
2411000000 005 0 6053 2392 8 31 0 1 6426 2089 44 24 0 2 6084 2344 39 32 0 3 6125 2143 38 45 0 3 6394 2143 38 45 0
2412000000 000
2412100000 005 1 6616 2098 39 22 0 1 6585 2093 98 17 0 0 6557 2027 7 77 0 0 6501 2026 8 78 0 3 6636 2143 38 45 0
2412200000 003 1 6824 2097 39 22 0 1 6797 2094 98 18 0 3 6844 2143 38 45 0
2412300000 000
2412400000 000
2413000000 004 0 6037 2822 8 113 0 0 6053 2584 8 31 0 2 6013 2728 39 32 0 2 6070 2536 39 32 0
2414000000 000
2420000000 001 1 7038 2098 882 22 0
2421000000 002 3 7065 2143 38 45 0 1 7010 2096 98 16 0
2422000000 003 1 7688 2280 231 7 0 0 7917 2116 5 169 0 0 7685 2168 8 115 0
2423000000 000
2424000000 000
2430000000 000
2440000000 000
3000000000 001 1 1304 4056 202 13 0
4000000000 000